Instance of size 15*15 filled at 50.0% generated in 0.001731811s

0 0 3 4 5 0 7 0 9 0 0 12 13 0 15 
2 0 4 0 6 0 8 0 0 0 12 11 14 0 13 
3 4 0 2 0 8 5 0 0 12 9 10 15 13 14 
4 0 2 0 0 7 6 5 0 13 0 0 0 0 11 
5 6 0 0 1 2 3 4 13 0 0 0 0 9 12 
6 0 8 0 0 0 0 0 0 0 10 13 0 0 0 
0 8 5 0 0 0 1 2 15 14 13 0 12 0 10 
0 9 0 11 0 0 14 0 1 2 0 0 5 6 0 
0 7 0 0 13 0 15 0 2 1 0 0 0 5 0 
0 11 0 9 0 15 12 13 0 4 0 2 7 8 0 
11 0 9 0 15 14 0 0 0 0 2 0 8 7 0 
0 0 0 0 4 0 10 11 5 6 7 0 0 2 3 
13 0 0 14 9 0 11 0 0 0 8 0 2 1 4 
14 15 12 13 0 0 2 0 7 0 0 0 0 0 1 
0 0 13 12 11 0 0 1 0 0 0 5 0 0 0 

============ AC (choco) =============
Solutions: 842201
Resolution time: 105.27293s
Nodes: 1787602

=============  LP conj  =============
Solutions: 842201
Resolution time: 9011.216s
Nodes: 1742826   -2,50%

=============  AC (LP)  =============
Solutions: 842201
Resolution time: 13817.004s
Nodes: 1787602
