"1 14 4 9 7 12 3 15 5 6 8 10 13 2 11 \n"
+ "5 3 7 11 6 1 14 9 8 4 13 2 12 10 15 \n"
+ "10 4 15 5 3 6 12 8 2 14 9 7 1 11 13 \n"
+ "14 8 11 13 1 10 5 3 7 15 12 4 6 9 2 \n"
+ "7 10 1 3 15 13 9 11 4 2 6 14 5 8 12 \n"
+ "6 15 5 12 2 7 13 10 14 8 4 11 3 1 9 \n"
+ "4 6 12 1 10 14 2 5 9 3 11 13 15 7 8 \n"
+ "15 7 9 8 13 4 6 2 3 12 14 1 11 5 10 \n"
+ "11 13 2 14 12 3 4 1 10 5 15 9 8 6 7 \n"
+ "12 5 3 7 14 9 11 4 1 13 2 8 10 15 6 \n"
+ "13 2 8 4 11 5 1 14 6 10 7 15 9 12 3 \n"
+ "3 11 14 15 8 2 7 6 12 9 10 5 4 13 1 \n"
+ "2 9 6 10 4 15 8 13 11 7 1 12 14 3 5 \n"
+ "9 1 13 2 5 8 10 12 15 11 3 6 7 4 14 \n"
+ "8 12 10 6 9 11 15 7 13 1 5 3 2 14 4 ";
