Instance of size 13*13 filled at 50.0% generated in 164.596094775s

10 0 3 0 0 11 0 0 0 12 0 0 4 
0 11 0 13 8 3 0 0 1 0 10 6 12 
8 5 11 0 0 13 0 0 2 0 4 7 0 
0 4 12 11 6 0 0 0 0 13 1 0 7 
0 8 13 0 0 7 0 11 6 0 3 12 0 
0 0 0 0 10 12 13 7 0 0 8 5 2 
0 0 0 8 5 0 0 12 9 4 7 10 11 
7 0 9 10 3 0 11 0 5 8 0 1 0 
12 0 0 0 2 5 0 1 10 0 0 0 8 
0 0 5 12 0 10 8 13 7 2 0 11 6 
9 0 0 0 0 1 0 8 0 0 0 2 0 
11 0 8 0 7 0 0 0 0 0 0 0 1 
6 10 0 7 0 0 0 0 12 0 0 13 0 

============ AC (choco) =============
Solutions: 239472
Resolution time: 23.678974s
Nodes: 498097

=============  LP conj  =============
Solutions: 239472
Resolution time: 1829.4832s
Nodes: 493882

=============  AC (LP)  =============
Solutions: 239472
Resolution time: 3431.6123s
Nodes: 497930
