Instance of size 13*13 filled at 50.0% generated in 131.694156317s

0 0 13 10 11 9 0 5 0 0 0 1 4 
0 0 11 13 10 0 0 0 6 12 0 0 9 
12 0 3 1 0 13 0 0 0 0 11 9 0 
5 7 2 3 0 10 0 6 9 13 0 0 12 
11 12 1 0 3 8 0 0 0 0 13 10 0 
0 10 12 4 0 3 9 7 8 11 1 13 0 
13 11 0 0 8 0 7 3 0 0 0 2 1 
0 0 0 0 7 0 4 0 0 2 0 3 13 
4 6 0 2 13 0 0 0 0 0 0 0 3 
1 0 6 0 12 0 0 0 0 3 9 8 0 
0 0 0 0 5 0 13 0 0 0 8 7 0 
0 13 5 8 9 4 0 2 3 0 12 0 0 
9 0 10 0 0 0 0 11 0 0 0 4 0 

============ AC (choco) =============
Solutions: 20431
Resolution time: 2.2260208s
Nodes: 42061

=============  LP conj  =============
Solutions: 20431
Resolution time: 142.94476s
Nodes: 41776

=============  AC (LP)  =============
Solutions: 20431
Resolution time: 273.53427s
Nodes: 41804
