Instance of size 13*13 filled at 50.0% generated in 102.294390422s

0 6 3 4 0 0 0 0 2 11 0 0 0 
0 3 2 7 0 6 4 10 0 0 0 13 8 
0 0 0 10 2 11 9 0 12 3 0 0 0 
0 0 7 2 1 8 3 9 6 10 13 0 11 
0 2 0 0 8 0 7 0 0 0 0 0 0 
2 11 8 0 0 0 10 0 1 6 0 7 0 
3 0 13 0 10 0 6 0 9 2 8 0 0 
10 0 1 0 12 5 2 0 0 9 11 0 0 
0 0 5 8 7 0 11 0 0 13 0 2 9 
7 9 10 0 0 0 0 0 8 0 0 0 0 
6 0 0 11 13 10 5 1 3 0 0 12 2 
1 4 11 9 3 2 0 0 7 8 0 0 13 
0 0 0 0 0 13 8 0 0 0 0 3 0 

============ AC (choco) =============
Solutions: 797952
Resolution time: 83.4936s
Nodes: 1660694

=============  LP conj  =============
Solutions: 797952
Resolution time: 6783.1553s
Nodes: 1645421

=============  AC (LP)  =============
Solutions: 797952
Resolution time: 12327.03s
Nodes: 1663385
